0.505665
0.783965
0.778397
0.425958
0.805501
0.510091
0.581476
0.396441
0.519692
0.458916
0.803915
0.425592
0.421826
0.396097
0.730185
0.433941
0.488550
0.518777
0.537264
0.426013
0.425958
0.472882
0.708985
0.422663
0.396097
0.803429
0.526492
0.478400
0.425592
0.479929
0.759516
0.400913
0.393972
0.662545
0.476309
0.426421
0.393972
0.510504
0.510932
0.425222
0.916994
0.526614
0.747137
0.711452
0.486599
0.425495
0.426421
0.633273
0.440571
0.773663
0.463589
0.510504
0.396097
0.393972
0.510504
0.424338
0.425958
0.510932
0.474949
0.425958
0.519165
0.618075
0.470818
0.518367
0.528550
0.880385
0.424338
0.767506
0.812369
0.425227
0.877307
0.510932
0.451581
0.533342
0.671013
0.723421
0.522262
0.703178
0.442820
0.518805
0.396097
0.464645
0.431398
0.503067
0.514332
0.515135
0.425958
0.952018
0.842654
0.464786
0.510504
0.748285
0.497035
0.425495
0.520257
0.672178
0.919664
0.805047
0.665549
0.395618
0.396097
0.527848
0.425958
0.739528
0.758570
0.708949
0.799788
0.692450
0.524376
0.519165
0.885213
0.849579
0.618493
0.515135
0.739528
0.837119
0.587939
0.564169
0.665549
0.519963
0.824302
0.441906
0.739643
0.603305
0.514200
0.414355
0.860791
0.426851
0.830272
0.518777
0.801969
0.871182
0.559786
0.795167
0.535822
0.493730
0.510504
0.810478
0.428331
0.425958
0.487702
0.482414
0.556571
0.396097
0.818144
0.857390
0.500416
0.484905
0.536841
0.628674
0.514724
0.603507
0.489747
0.875216
0.510518
0.892736
0.455182
0.396563
0.531256
0.479525
0.920667
0.402135
0.517568
0.514724
0.856165
0.753494
0.648248
0.510504
0.819586
0.644071
0.465679
0.421826
0.864811
0.396097
0.393972
0.426421
0.631213
0.658242
0.519165
0.722221
0.510091
0.800766
0.425958
0.421826
0.543792
0.457179
0.694663
0.924264
0.814087
0.461230
0.425958
0.466259
0.510932
0.397049
0.474115
0.394110
0.510504
0.477855
0.825051
0.705106
0.396097
0.396097
0.888762
0.960134
0.425958
0.561010
0.510504
0.852261
0.569029
0.968953
0.622950
0.871069
0.510932
0.515135
0.451785
0.466306
0.845587
0.510932
0.520830
0.428447
0.502627
0.766843
0.434604
0.510504
0.635255
0.636902
0.481139
0.790933
0.803429
0.514744
0.425958
0.925604
0.515565
0.464254
0.425958
0.913478
0.425794
0.559313
0.477796
0.465294
0.812424
0.689254
0.618921
0.425958
0.396097
0.510932
0.425958
0.540527
0.658892
0.519576
0.857019
0.422663
0.628369
0.426421
0.422663
0.422663
0.578105
0.606109
0.437472
0.854852
0.392143
0.519822
0.795790
0.393972
0.505665
0.482414
0.640955
0.964172
0.597568
0.466306
0.428156
0.396097
0.876601
0.506104
0.583255
0.865883
0.425958
0.568955
0.888724
0.868796
0.519822
0.395138
0.546976
0.510932
0.534981
0.391307
0.446681
0.461849
0.604644
0.410729
0.838961
0.482414
0.720602
0.553280
0.719526
0.498682
0.510932
0.488550
0.519165
0.634894
0.421826
0.760827
0.892098
0.621616
0.575393
0.850709
0.510932
0.802424
0.391307
0.857316
0.396097
0.628552
0.421826
0.945993
0.422193
0.539555
0.805147
0.395962
0.744033
0.612274
0.497436
0.697646
0.613126
0.532856
0.510504
0.468757
0.879903
0.469466
0.810566
0.534821
0.393816
0.510932
0.617288
0.601439
0.510932
0.538651
0.872916
0.425592
0.536841
0.430580
0.514724
0.796148
0.522204
0.559313
0.425794
0.846468
0.804381
0.510932
0.537264
0.605343
0.535355
0.614498
0.643651
0.702627
0.425958
0.510504
0.392979
0.568219
0.425958
0.526824
0.631213
0.514724
0.842459
0.510504
0.510932
0.526528
0.591669
0.470313
0.563491
0.532607
0.510504
0.516385
0.505665
0.396097
0.516874
0.743620
0.653677
0.509250
0.664960
0.593853
0.597664
0.510504
0.773116
0.510504
0.931278
0.393972
0.515565
0.518777
0.514724
0.665228
0.431420
0.652514
0.789794
0.526194
0.396097
0.714499
0.877369
0.393972
0.510932
0.518777
0.540527
0.402566
0.816289
0.865339
0.400435
0.519165
0.497882
0.519848
0.801969
0.500422
0.843415
0.966923
0.783965
0.539984
0.694619
0.853763
0.634863
0.395818
0.616039
0.582137
0.628552
0.705109
0.639489
0.514744
0.399552
0.425129
0.479929
0.615192
0.813825
0.426788
0.697677
0.395481
0.715255
0.397379
0.444546
0.510932
0.786685
0.575151
0.421826
0.703461
0.456267
0.555003
0.562182
0.550281
0.510932
0.538536
0.465083
0.465083
0.811145
0.601086
0.540866
0.558332
0.614736
0.495372
0.606750
0.396097
0.478413
0.398782
0.425958
0.696882
0.857872
0.519131
0.725388
0.522030
0.505240
0.815425
0.793791
0.559786
0.510518
0.803277
0.423500
0.601477
0.510504
0.738410
0.546789
0.422663
0.524813
0.427690
0.628351
0.587501
0.644065
0.620068
0.514724
0.783965
0.518379
0.519848
0.510932
0.755554
0.433968
0.970299
0.396088
0.425958
0.518777
0.460210
0.801602
0.654225
0.852883
0.519165
0.725416
0.396097
0.567249
0.426851
0.509250
0.505711
0.705098
0.534443
0.821372
0.719480
0.544010
0.479929
0.421826
0.632560
0.510932
0.604151
0.468757
0.581693
0.425958
0.456934
0.791231
0.747889
0.425958
0.899576
0.542210
0.836543
0.409666
0.533697
0.448878
0.593337
0.435623
0.873066
0.800924
0.533602
0.648248
0.670029
0.519189
0.519189
0.878658
0.937294
0.395953
0.425958
0.649733
0.856690
0.640117
0.425958
0.491676
0.793963
0.604514
0.797977
0.518136
0.604997
0.418608
0.959405
0.479525
0.534492
0.494182
0.421826
0.667475
0.428331
0.425495
0.426421
0.514724
0.715903
0.489126
0.425175
0.539237
0.773351
0.510932
0.784485
0.425592
0.425958
0.392490
0.422663
0.425958
0.523691
0.519165
0.425129
0.649122
0.749002
0.497035
0.425495
0.425958
0.787942
0.427690
0.769541
0.411201
0.583661
0.616049
0.631407
0.571696
0.518136
0.829214
0.599343
0.523506
0.396097
0.799802
0.465083
0.440621
0.510504
0.581693
0.659320
0.439653
0.867443
0.761568
0.459761
0.652422
0.528210
0.527365
0.393972
0.476618
0.679392
0.641935
0.809831
0.434720
0.396306
0.425495
0.724244
0.407969
0.527210
0.510504
0.906244
0.515565
0.861277
0.664038
0.513901
0.613691
0.413547
0.424104
0.518777
0.526194
0.798613
0.424338
0.460108
0.769338
0.879903
0.465083
0.576766
0.489936
0.411364
0.733497
0.425958
0.425958
0.949342
0.833159
0.444506
0.718996
0.808365
0.588045
0.393732
0.425495
0.747889
0.569097
0.603305
0.489384
0.869294
0.490800
0.524036
0.514724
0.780852
0.874079
0.492562
0.726476
0.875988
0.393875
0.425495
0.892459
0.514724
0.766746
0.615171
0.401739
0.426788
0.472483
0.562149
0.653990
0.425175
0.393972
0.458232
0.510932
0.479525
0.510435
0.395411
0.696282
0.764403
0.398782
0.737271
0.863944
0.711992
0.510091
0.440900
0.532457
0.726919
0.483637
0.519189
0.464254
0.535243
0.399013
0.867067
0.467925
0.590584
0.425958
0.485198
0.536464
0.537640
0.583487
0.480765
0.425495
0.396097
0.426421
0.514724
0.416466
0.425175
0.465083
0.700690
0.395138
0.505000
0.497035
0.535822
0.510091
0.427169
0.510932
0.509361
0.727015
0.408602
0.621144
0.847961
0.396097
0.524153
0.465083
0.660350
0.425958
0.805172
0.516450
0.409902
0.497882
0.715471
0.535948
0.860862
0.852261
0.450742
0.510504
0.418466
0.712293
0.856399
0.539237
0.505240
0.510504
0.510504
0.407301
0.792363
0.510504
0.428079
0.532271
0.440293
0.425958
0.937494
0.445203
0.396097
0.544052
0.510932
0.756488
0.843413
0.396097
0.482344
0.397131
0.707595
0.447352
0.857316
0.641813
0.810721
0.515135
0.603305
0.396097
0.673015
0.497882
0.504210
0.566032
0.405999
0.396441
0.537264
0.461666
0.515565
0.458458
0.777041
0.407969
0.426421
0.805460
0.411837
0.481601
0.488102
0.874965
0.589384
0.395476
0.759017
0.521680
0.426421
0.938648
0.426788
0.651131
0.614190
0.854129
0.733311
0.514724
0.897052
0.537603
0.483251
0.847670
0.392143
0.537264
0.544991
0.635652
0.515972
0.766843
0.391307
0.419933
0.705649
0.828118
0.421826
0.821178
0.867737
0.393972
0.685159
0.684075
0.426788
0.876228
0.669577
0.499145
0.736345
0.396097
0.554943
0.683458
0.954751
0.396680
0.819633
0.623329
0.712293
0.570165
0.494508
0.943454
0.576554
0.535620
0.516381
0.567249
0.479525
0.689050
0.960134
0.459366
0.523857
0.762523
0.533342
0.594428
0.817603
0.426421
0.741371
0.461502
0.535620
0.853213
0.793384
0.425958
0.422296
0.510932
0.853213
0.425958
0.520013
0.510932
0.425958
0.689254
0.510932
0.426013
0.539573
0.403043
0.612481
0.536841
0.459511
0.959405
0.514724
0.888109
0.428634
0.422663
0.883019
0.681809
0.728452
0.710309
0.571203
0.510091
0.511788
0.432401
0.667218
0.516381
0.493437
0.813838
0.616447
0.871697
0.812486
0.427690
0.467327
0.408817
0.610754
0.791730
0.422663
0.465476
0.510504
0.495328
0.514724
0.544939
0.747764
0.588995
0.426788
0.523506
0.519165
0.567077
0.469629
0.431511
0.393972
0.497882
0.489936
0.656473
0.469985
0.670108
0.396097
0.610260
0.711467
0.510504
0.871697
0.499575
0.510504
0.426421
0.590096
0.824417
0.467371
0.535620
0.510932
0.516838
0.575929
0.478962
0.515565
0.869923
0.615146
0.702065
0.396097
0.396097
0.464786
0.750686
0.647019
0.417643
0.424233
0.475783
0.655853
0.396097
0.421826
0.510932
0.510504
0.832384
0.641813
0.809923
0.396097
0.416210
0.819886
0.961422
0.519822
0.878002
0.968953
0.425958
0.428156
0.392143
0.510932
0.422663
0.425592
0.828920
0.533475
0.510932
0.421826
0.658179
0.516860
0.604996
0.508978
0.732482
0.511788
0.858841
0.492771
0.482414
0.871069
0.516874
0.426421
0.508978
0.540797
0.597853
0.510504
0.667218
0.535198
0.786740
0.786562
0.720613
0.574529
0.788399
0.705649
0.664824
0.536315
0.409902
0.537950
0.515972
0.535620
0.425129
0.425958
0.694530
0.759017
0.625163
0.482821
0.742155
0.597734
0.558560
0.440571
0.497907
0.449956
0.536841
0.514724
0.425958
0.405425
0.508211
0.465233
0.749870
0.519848
0.510518
0.605278
0.724244
0.514724
0.538407
0.844512
0.818706
0.510518
0.878636
0.772191
0.395481
0.510932
0.395138
0.787293
0.802572
0.425958
0.437472
0.856926
0.810711
0.526824
0.472882
0.394110
0.858841
0.438283
0.852408
0.503498
0.746262
0.514724
0.510932
0.418608
0.781083
0.460210
0.392143
0.444925
0.500424
0.874724
0.661007
0.396097
0.397131
0.425958
0.831889
0.528956
0.679986
0.812796
0.821178
0.474822
0.854129
0.519822
0.631876
0.519576
0.637625
0.746564
0.892736
0.396097
0.830272
0.426421
0.492562
0.540527
0.651176
0.821771
0.426421
0.500424
0.849579
0.479525
0.396441
0.421826
0.770230
0.424242
0.426421
0.439653
0.425958
0.537108
0.536464
0.533298
0.425958
0.518545
0.508037
0.688301
0.535822
0.466700
0.425129
0.696882
0.422663
0.496676
0.756488
0.401122
0.814023
0.600141
0.822197
0.464645
0.931570
0.532856
0.679880
0.471564
0.396097
0.519189
0.534981
0.514724
0.882285
0.486172
0.465083
0.911183
0.844353
0.500000
0.515135
0.396097
0.738880
0.656585
0.529051
0.631592
0.546401
0.562166
0.422663
0.425958
0.510932
0.485740
0.545970
0.848063
0.519165
0.535243
0.510504
0.830441
0.839017
0.679880
0.396441
0.797333
0.538651
0.395274
0.715213
0.467531
0.724244
0.510932
0.405446
0.787942
0.514332
0.788829
0.852100
0.648929
0.559707
0.686421
0.563189
0.421418
0.554240
0.784705
0.536663
0.544736
0.426013
0.481864
0.452852
0.520257
0.461899
0.810016
0.498729
0.422663
0.529549
0.393630
0.625666
0.421826
0.510932
0.392979
0.481139
0.519165
0.548441
0.396097
0.788503
0.395709
0.537456
0.510504
0.482843
0.539737
0.430471
0.718996
0.676757
0.396441
0.680548
0.815478
0.513901
0.510504
0.464254
0.837439
0.510504
0.677053
0.806763
0.891460
0.612825
0.535620
0.446967
0.865343
0.471650
0.492562
0.517159
0.550281
0.403043
0.815478
0.464254
0.510932
0.425222
0.481601
0.461666
0.853213
0.672186
0.396097
0.849153
0.510932
0.510932
0.603947
0.871627
0.772562
0.525249
0.525111
0.536663
0.396097
0.510091
0.484905
0.914202
0.667604
0.755554
0.954702
0.661985
0.425175
0.660420
0.510932
0.882898
0.787392
0.515565
0.425958
0.393816
0.468362
0.558746
0.603244
0.425958
0.490787
0.952018
0.724244
0.671013
0.771673
0.476652
0.511359
0.497035
0.395138
0.845122
0.425592
0.629017
0.510091
0.583487
0.472555
0.863698
0.693928
0.668361
0.837462
0.510091
0.396097
0.543792
0.571707
0.535355
0.519576
0.824302
0.660952
0.733497
0.733497
0.589014
0.396097
0.907878
0.474115
0.393732
0.510932
0.463034
0.396097
0.503938
0.426421
0.840462
0.637101
0.519388
0.672235
0.425592
0.395618
0.417760
0.873072
0.841779
0.784485
0.406474
0.482007
0.404395
0.870402
0.421826
0.425958
0.396097
0.759506
0.486958
0.796170
0.681265
0.633273
0.743121
0.470987
0.867638
0.500424
0.498687
0.876228
0.514724
0.604996
0.529967
0.574008
0.858779
0.658994
0.812230
0.465476
0.405172
0.689522
0.835370
0.416821
0.534443
0.404091
0.519189
0.744204
0.782217
0.859326
0.658892
0.514724
0.919994
0.548615
0.536841
0.848131
0.557320
0.447352
0.510932
0.425958
0.487535
0.509250
0.834504
0.661063
0.479525
0.821771
0.854866
0.425958
0.440621
0.881071
0.425958
0.516385
0.510932
0.682443
0.466306
0.414355
0.709592
0.397477
0.521072
0.693239
0.510091
0.767506
0.877369
0.510504
0.391307
0.433058
0.777041
0.828727
0.484306
0.396097
0.459761
0.557104
0.627142
0.547370
0.810721
0.510518
0.394863
0.822916
0.655541
0.519189
0.424242
0.606081
0.510504
0.426421
0.514724
0.510091
0.866194
0.425958
0.396097
0.416466
0.425958
0.568955
0.885502
0.398303
0.510504
0.877369
0.519165
0.425495
0.514724
0.515565
0.461055
0.425495
0.645028
0.425495
0.901612
0.774447
0.843271
0.510504
0.530787
0.589305
0.396097
0.537640
0.515565
0.465083
0.799924
0.761464
0.533564
0.510616
0.880385
0.930603
0.564169
0.695372
0.794965
0.851224
0.430107
0.516838
0.587939
0.493437
0.510932
0.575786
0.847444
0.542877
0.772046
0.661063
0.784672
0.566612
0.919081
0.553461
0.515135
0.510932
0.843076
0.396097
0.795766
0.519189
0.892098
0.554240
0.546401
0.850359
0.908528
0.671933
0.657752
0.519848
0.425495
0.422663
0.865883
0.434604
0.878636
0.508211
0.878535
0.465083
0.425175
0.600053
0.518777
0.565145
0.510932
0.396097
0.423500
0.456776
0.425592
0.464692
0.519988
0.493437
0.396441
0.498749
0.467925
0.628033
0.643869
0.396097
0.411556
0.470987
0.620430
0.576638
0.510932
0.654329
0.701264
0.425129
0.510504
0.925013
0.498739
0.552092
0.464645
0.510504
0.548441
0.668370
0.874334
0.760894
0.423031
0.697434
0.657732
0.873066
0.450488
0.796404
0.596442
0.510932
0.485611
0.525078
0.789916
0.852408
0.399608
0.425129
0.523599
0.556985
0.462744
0.431045
0.426421
0.475804
0.409902
0.510504
0.610260
0.461230
0.570353
0.515382
0.684551
0.523857
0.689050
0.425592
0.599651
0.396441
0.537504
0.715903
0.510932
0.396921
0.541423
0.733311
0.430400
0.396097
0.514763
0.425958
0.425958
0.510504
0.819586
0.539737
0.513414
0.444522
0.510091
0.803888
0.852364
0.853213
0.807482
0.834637
0.568936
0.414740
0.405446
0.469589
0.425958
0.479525
0.737345
0.510504
0.692513
0.922925
0.837357
0.774664
0.604996
0.518777
0.449621
0.536464
0.553996
0.469193
0.850097
0.510504
0.416210
0.813779
0.850221
0.695073
0.502557
0.425958
0.426421
0.703731
0.431420
0.599651
0.420113
0.566612
0.762319
0.399608
0.596830
0.581735
0.510504
0.434348
0.490812
0.865749
0.592954
0.466700
0.455087
0.887004
0.840806
0.769338
0.396097
0.751976
0.535620
0.727629
0.425958
0.481601
0.679056
0.510091
0.715903
0.394657
0.759506
0.578105
0.829275
0.601477
0.885213
0.638605
0.510504
0.517568
0.515648
0.791231
0.666043
0.775435
0.404091
0.443569
0.402691
0.502513
0.534981
0.496614
0.763818
0.668361
0.679371
0.393972
0.541358
0.519165
0.611001
0.805239
0.585121
0.858718
0.422663
0.396097
0.425958
0.396097
0.426421
0.620536
0.392143
0.515870
0.556985
0.791730
0.479443
0.403870
0.537264
0.817460
0.396441
0.426851
0.425958
0.879932
0.605486
0.616946
0.407775
0.514200
0.500416
0.799802
0.611499
0.512530
0.828118
0.829335
0.525249
0.726476
0.486704
0.457227
0.846197
0.806073
0.964860
0.598635
0.423500
0.778467
0.829431
0.810017
0.743620
0.684832
0.787259
0.510504
0.648929
0.573910
0.565938
0.510504
0.482414
0.393972
0.845593
0.425958
0.467925
0.817603
0.709229
0.420728
0.448723
0.405172
0.789794
0.395962
0.407673
0.461899
0.396441
0.503498
0.841096
0.519988
0.524153
0.410135
0.699403
0.808010
0.465476
0.805501
0.525249
0.572281
0.562062
0.733813
0.395138
0.391307
0.824382
0.618310
0.425958
0.574773
0.517134
0.707595
0.451573
0.463034
0.396441
0.519822
0.521199
0.897052
0.549134
0.416821
0.510091
0.937294
0.684348
0.515135
0.890823
0.922582
0.717608
0.497907
0.664637
0.433941
0.499581
0.625666
0.464645
0.465083
0.510932
0.683458
0.691290
0.781200
0.426788
0.396441
0.799788
0.395709
0.423500
0.603947
0.510932
0.473281
0.544991
0.463142
0.627231
0.486617
0.510932
0.425592
0.513401
0.738557
0.510504
0.479020
0.596764
0.510932
0.637983
0.425958
0.425958
0.562166
0.425958
0.881071
0.776619
0.882677
0.737271
0.510932
0.488181
0.684551
0.535198
0.692553
0.482414
0.446192
0.589014
0.616039
0.425175
0.911079
0.539237
0.518777
0.418466
0.466079
0.514724
0.539684
0.823867
0.509972
0.514724
0.526614
0.409075
0.791355
0.514724
0.751127
0.467101
0.904090
0.576766
0.492562
0.834055
0.483382
0.426851
0.510932
0.559707
0.464833
0.734066
0.580750
0.464645
0.423031
0.430580
0.621616
0.425958
0.734060
0.480360
0.648248
0.442663
0.519189
0.425958
0.396097
0.816289
0.576554
0.644258
0.673407
0.780952
0.546356
0.510091
0.426013
0.561198
0.458232
0.410729
0.477796
0.699646
0.637869
0.481864
0.722550
0.529967
0.515135
0.814637
0.487702
0.780393
0.519165
0.612496
0.394165
0.612496
0.879810
0.510932
0.391307
0.396097
0.870552
0.425495
0.467094
0.463034
0.474515
0.425958
0.395274
0.906832
0.755222
0.461899
0.525280
0.765615
0.437296
0.425958
0.879172
0.481721
0.536887
0.510932
0.443053
0.515648
0.411848
0.425958
0.425958
0.515135
0.883047
0.641846
0.920667
0.799702
0.484289
0.514982
0.463877
0.534981
0.425958
0.498298
0.561253
0.553280
0.426851
0.535575
0.589974
0.534981
0.510932
0.675142
0.882412
0.396441
0.470818
0.738584
0.510504
0.606750
0.863153
0.398743
0.425958
0.858866
0.865435
0.396306
0.610658
0.426788
0.840191
0.464645
0.426851
0.813053
0.672178
0.517956
0.510504
0.610658
0.520813
0.399608
0.752053
0.421826
0.425958
0.593213
0.519576
0.482843
0.519413
0.456934
0.527365
0.487535
0.788399
0.623803
0.453053
0.694619
0.510091
0.425958
0.396097
0.396097
0.480891
0.425958
0.391307
0.411556
0.681809
0.483382
0.568936
0.393972
0.829214
0.728808
0.503498
0.829335
0.908528
0.774383
0.535243
0.418608
0.490374
0.564389
0.397956
0.426421
0.518777
0.425958
0.395547
0.808702
0.624154
0.425958
0.753942
0.668755
0.425129
0.829431
0.510932
0.782945
0.470313
0.400572
0.537264
0.453176
0.465476
0.764725
0.514724
0.530710
0.425958
0.425958
0.505981
0.523597
0.396097
0.526895
0.784561
0.425175
0.730430
0.653761
0.528436
0.788705
0.397131
0.519848
0.469589
0.396097
0.676761
0.598714
0.464692
0.653555
0.461993
0.714499
0.421826
0.425495
0.519165
0.636748
0.392143
0.631067
0.471650
0.772562
0.427690
0.603244
0.510091
0.510504
0.614190
0.706220
0.509250
0.542210
0.611499
0.879269
0.465476
0.510932
0.868796
0.425958
0.919081
0.546173
0.535620
0.609329
0.510932
0.852120
0.849153
0.425958
0.893874
0.535550
0.782986
0.903024
0.535822
0.510932
0.396097
0.391307
0.396097
0.844969
0.425958
0.887753
0.841890
0.466306
0.392143
0.510932
0.868563
0.502129
0.821166
0.863233
0.782986
0.451255
0.494968
0.477452
0.591669
0.878476
0.570259
0.394369
0.503067
0.462744
0.535198
0.787293
0.422663
0.480891
0.548615
0.684756
0.510932
0.772992
0.867408
0.733497
0.483659
0.402691
0.504690
0.590096
0.510932
0.879269
0.572806
0.641060
0.642959
0.569979
0.431398
0.395138
0.476652
0.504372
0.463142
0.512309
0.502915
0.783368
0.527405
0.510932
0.586356
0.423500
0.425643
0.453053
0.497460
0.519165
0.482414
0.690511
0.425495
0.529549
0.537640
0.425958
0.841096
0.479020
0.468217
0.425958
0.425495
0.422663
0.393630
0.421895
0.632560
0.574282
0.715213
0.393816
0.527369
0.684885
0.516770
0.673485
0.598474
0.516582
0.678482
0.769541
0.510932
0.714745
0.396441
0.443569
0.466262
0.395003
0.465083
0.742483
0.848382
0.510504
0.597439
0.515135
0.650590
0.598474
0.515565
0.510518
0.515565
0.705106
0.395274
0.510932
0.694707
0.484212
0.539868
0.443053
0.396097
0.867443
0.396441
0.425958
0.923270
0.393972
0.660420
0.425958
0.429277
0.510091
0.880144
0.633659
0.518367
0.392143
0.425958
0.510091
0.863153
0.510504
0.514901
0.588152
0.448356
0.703434
0.406273
0.718585
0.483659
0.395003
0.732152
0.407721
0.658242
0.396097
0.753665
0.848097
0.863698
0.752952
0.426421
0.437769
0.536841
0.463589
0.477855
0.500000
0.631679
0.468757
0.649122
0.399608
0.575371
0.882412
0.641301
0.669577
0.400913
0.733558
0.510932
0.515135
0.510932
0.425958
0.812424
0.764725
0.498729
0.535822
0.510932
0.425592
0.485075
0.425958
0.514724
0.396097
0.459312
0.722221
0.544010
0.559496
0.459366
0.510091
0.682443
0.584472
0.464692
0.490374
0.427690
0.810711
0.542266
0.425958
0.513828
0.425958
0.467925
0.494182
0.777427
0.543074
0.897902
0.510932
0.556571
0.426421
0.469193
0.536887
0.510932
0.795568
0.599651
0.714929
0.642137
0.425958
0.534505
0.484517
0.470818
0.871812
0.506675
0.743651
0.396680
0.544052
0.675206
0.426851
0.394227
0.740598
0.622950
0.519165
0.514724
0.615146
0.762650
0.724377
0.406273
0.521680
0.536841
0.801482
0.654329
0.482821
0.887753
0.426788
0.423869
0.865659
0.689052
0.537640
0.425129
0.425958
0.426421
0.826832
0.519388
0.428447
0.867737
0.553533
0.846197
0.510504
0.517134
0.781666
0.463987
0.425495
0.510932
0.510504
0.468362
0.430206
0.867540
0.803915
0.536615
0.514724
0.901450
0.418650
0.425958
0.425495
0.518777
0.514744
0.396097
0.411556
0.440543
0.767813
0.465476
0.444506
0.406474
0.888723
0.893874
0.797150
0.465083
0.579432
0.414740
0.515565
0.514724
0.510932
0.852548
0.706220
0.536109
0.834504
0.843578
0.510932
0.684260
0.425592
0.500420
0.649733
0.510932
0.468757
0.456165
0.519822
0.425958
0.397477
0.425958
0.510932
0.867408
0.491676
0.425495
0.515565
0.518279
0.453789
0.425495
0.445542
0.400572
0.500000
0.400435
0.422663
0.465083
0.806799
0.396097
0.393816
0.689743
0.892459
0.834054
0.529051
0.818706
0.545988
0.396097
0.644071
0.396097
0.485315
0.425495
0.588045
0.817319
0.660952
0.970989
0.647364
0.393972
0.519165
0.518777
0.579767
0.574773
0.654583
0.395003
0.585229
0.510504
0.418466
0.913478
0.414238
0.497035
0.537640
0.583376
0.392490
0.444930
0.510932
0.721124
0.510091
0.708085
0.671809
0.453274
0.783965
0.711992
0.605343
0.724136
0.546401
0.456776
0.394314
0.514724
0.396097
0.945993
0.683520
0.970299
0.513883
0.525249
0.425958
0.421826
0.581735
0.497035
0.917429
0.507649
0.536887
0.538439
0.417760
0.515795
0.449621
0.818690
0.411556
0.591082
0.495187
0.919664
0.542272
0.534821
0.510504
0.610226
0.518367
0.743620
0.428634
0.494894
0.519940
0.733422
0.793384
0.399608
0.432228
0.393816
0.518777
0.460108
0.871627
0.471650
0.894645
0.878658
0.535822
0.535620
0.425129
0.854866
0.540920
0.483010
0.425958
0.425958
0.853763
0.486421
0.869923
0.519165
0.513059
0.610754
0.705098
0.421826
0.535198
0.428447
0.510932
0.899050
0.665958
0.396097
0.892736
0.519165
0.425958
0.643869
0.510932
0.492119
0.506649
0.830441
0.624159
0.861783
0.713277
0.828920
0.514724
0.519165
0.842459
0.425592
0.398196
0.554633
0.399332
0.396097
0.425495
0.393972
0.933910
0.537456
0.526090
0.939940
0.478690
0.414040
0.430120
0.519189
0.517979
0.855807
0.478690
0.537640
0.537606
0.460210
0.438743
0.429277
0.620966
0.510504
0.618393
0.429364
0.503742
0.647019
0.510091
0.396097
0.515135
0.660350
0.510932
0.788956
0.518777
0.421826
0.510932
0.520692
0.396097
0.830168
0.803419
0.783965
0.438958
0.803860
0.420113
0.425129
0.515135
0.749870
0.510932
0.413067
0.845122
0.396097
0.394165
0.405172
0.396097
0.515996
0.510091
0.555003
0.464692
0.641871
0.397477
0.520886
0.750248
0.516018
0.519165
0.515135
0.439431
0.516838
0.510504
0.949397
0.768023
0.807482
0.519165
0.396097
0.519165
0.392979
0.578903
0.871812
0.396097
0.516838
0.520934
0.741371
0.518777
0.537640
0.392143
0.483251
0.420936
0.479525
0.725388
0.683629
0.396097
0.851224
0.728349
0.693239
0.874082
0.923270
0.510932
0.425958
0.876113
0.616541
0.803888
0.497436
0.514724
0.536464
0.482437
0.529336
0.605489
0.519165
0.508343
0.686421
0.509972
0.425958
0.396097
0.401739
0.534981
0.422663
0.764042
0.694663
0.700371
0.421826
0.396097
0.396306
0.427690
0.510091
0.818690
0.510932
0.536841
0.497460
0.466306
0.765281
0.462744
0.510932
0.397131
0.465083
0.426421
0.551209
0.747137
0.480360
0.706759
0.426421
0.537455
0.400087
0.720613
0.526369
0.786850
0.738410
0.865749
0.703461
0.466700
0.515382
0.396097
0.627824
0.525249
0.646946
0.475783
0.510932
0.393972
0.396441
0.707416
0.453789
0.425958
0.476309
0.796723
0.504244
0.635583
0.824221
0.407121
0.914202
0.510932
0.677053
0.479525
0.399129
0.510932
0.461502
0.426421
0.513901
0.508343
0.870552
0.426421
0.668370
0.470313
0.777427
0.480765
0.776142
0.513883
0.807672
0.425495
0.931570
0.672144
0.402566
0.826832
0.503503
0.716728
0.482414
0.421826
0.717233
0.518777
0.549411
0.391307
0.616049
0.582137
0.665595
0.901100
0.422663
0.756368
0.521675
0.518777
0.740934
0.503503
0.510932
0.394654
0.869054
0.705385
0.437214
0.426421
0.421206
0.508533
0.857967
0.833476
0.466700
0.634854
0.540527
0.702714
0.426383
0.512465
0.393630
0.565536
0.425958
0.556262
0.684756
0.471564
0.814332
0.510091
0.906244
0.734060
0.396097
0.552052
0.806763
0.596830
0.482060
0.464692
0.647364
0.924424
0.501297
0.795766
0.414238
0.775159
0.858779
0.788705
0.855999
0.852364
0.426421
0.536841
0.604085
0.472376
0.815837
0.617288
0.862390
0.396097
0.510504
0.497078
0.425958
0.510504
0.425958
0.510932
0.794177
0.699078
0.510932
0.783965
0.425495
0.393972
0.830168
0.803860
0.425958
0.545970
0.422223
0.782177
0.547205
0.535620
0.597568
0.510518
0.510932
0.393972
0.754801
0.641871
0.515135
0.551758
0.744033
0.535822
0.845587
0.483010
0.610425
0.554943
0.542435
0.426013
0.514724
0.463863
0.392979
0.781075
0.655541
0.425958
0.527405
0.914993
0.679056
0.422663
0.728709
0.799999
0.878636
0.620536
0.676761
0.786562
0.490787
0.861828
0.493004
0.494887
0.519413
0.796170
0.600053
0.798766
0.518777
0.510091
0.475479
0.784705
0.396097
0.537108
0.395683
0.462744
0.763382
0.557564
0.548615
0.791976
0.588152
0.684712
0.407721
0.800766
0.510932
0.426421
0.503938
0.500422
0.613126
0.485740
0.510504
0.602322
0.588464
0.558746
0.471539
0.425129
0.451255
0.514724
0.631679
0.832978
0.502557
0.767246
0.518545
0.437296
0.396441
0.474515
0.628674
0.393972
0.656473
0.396097
0.393972
0.425129
0.692459
0.871540
0.532033
0.442962
0.754770
0.475122
0.669800
0.874965
0.426421
0.519165
0.688155
0.563535
0.695336
0.534505
0.776086
0.714745
0.396097
0.425958
0.771673
0.504616
0.425958
0.481601
0.586969
0.506728
0.426421
0.624491
0.510932
0.569097
0.466079
0.425958
0.606081
0.805239
0.519165
0.582460
0.615382
0.832597
0.510616
0.396097
0.513828
0.431768
0.799924
0.667604
0.832597
0.425958
0.420728
0.425958
0.536419
0.874712
0.425958
0.510932
0.877616
0.766971
0.396097
0.754770
0.500000
0.925013
0.753212
0.396441
0.569029
0.510932
0.422663
0.574129
0.516361
0.553422
0.536887
0.916730
0.503503
0.393816
0.500420
0.396563
0.478690
0.489078
0.425958
0.876113
0.466262
0.861783
0.631876
0.510932
0.787575
0.860791
0.855716
0.510932
0.812369
0.423500
0.391307
0.402755
0.580620
0.470818
0.425495
0.519576
0.465860
0.597664
0.467925
0.536464
0.536841
0.426788
0.648965
0.458916
0.421826
0.394369
0.427111
0.479929
0.510932
0.474216
0.538407
0.411556
0.774253
0.396097
0.501702
0.515795
0.519165
0.468409
0.708985
0.411201
0.871540
0.570999
0.519165
0.485874
0.465083
0.764238
0.503503
0.877525
0.519737
0.504372
0.510504
0.491176
0.396097
0.780710
0.510504
0.743121
0.700371
0.480046
0.398782
0.514724
0.768023
0.404395
0.713154
0.575929
0.486476
0.536663
0.427690
0.400087
0.493004
0.531132
0.510932
0.505000
0.503503
0.425958
0.425958
0.691372
0.396097
0.561010
0.536841
0.687229
0.519165
0.396097
0.509361
0.408821
0.398782
0.711204
0.463232
0.514724
0.778724
0.425495
0.909475
0.943273
0.537640
0.758570
0.618894
0.510932
0.519189
0.464692
0.703178
0.514724
0.825460
0.796723
0.630532
0.519131
0.623059
0.837098
0.589974
0.794366
0.425958
0.674736
0.394657
0.463863
0.467531
0.457227
0.455347
0.865339
0.879172
0.510932
0.537264
0.576611
0.515135
0.890186
0.562131
0.395003
0.664566
0.637101
0.515565
0.542877
0.736345
0.711204
0.537217
0.754645
0.468362
0.396097
0.749870
0.513059
0.396097
0.784561
0.431885
0.904688
0.467657
0.519601
0.874334
0.470818
0.421826
0.463863
0.425958
0.875722
0.844353
0.628813
0.426788
0.397131
0.882795
0.524132
0.658994
0.448356
0.809923
0.396097
0.679392
0.424233
0.396097
0.580699
0.517956
0.510932
0.493191
0.472376
0.406055
0.775159
0.425958
0.433968
0.535198
0.519388
0.645028
0.456383
0.396441
0.422663
0.519165
0.522637
0.826098
0.394165
0.431768
0.537264
0.492771
0.512309
0.425958
0.848131
0.466700
0.696619
0.425495
0.425129
0.426421
0.754394
0.514332
0.538396
0.575929
0.614190
0.858097
0.483251
0.743596
0.628033
0.529491
0.426788
0.425958
0.426421
0.528436
0.518777
0.396097
0.520886
0.562182
0.426788
0.471160
0.421045
0.535198
0.426421
0.426421
0.819306
0.510091
0.425958
0.537640
0.452852
0.394657
0.446021
0.485315
0.717552
0.396097
0.592954
0.430568
0.653555
0.725721
0.510932
0.507963
0.545185
0.425958
0.398303
0.888762
0.537640
0.510932
0.684598
0.575151
0.787575
0.510504
0.732657
0.425958
0.426788
0.465476
0.424338
0.425129
0.867142
0.519576
0.527210
0.620983
0.624159
0.597734
0.843578
0.426421
0.803277
0.621097
0.814023
0.394452
0.480794
0.430870
0.425958
0.526369
0.491653
0.510932
0.676871
0.846976
0.732388
0.799999
0.566612
0.592518
0.510932
0.510504
0.400087
0.672699
0.425958
0.759386
0.699680
0.396441
0.510091
0.510932
0.510504
0.924264
0.625163
0.742483
0.553837
0.396097
0.754801
0.393972
0.426421
0.852100
0.474216
0.838961
0.510504
0.395274
0.599343
0.417281
0.398782
0.425958
0.608780
0.738584
0.788503
0.753212
0.872952
0.526895
0.510932
0.505981
0.415533
0.425958
0.586356
0.867638
0.488550
0.667880
0.527369
0.724136
0.393972
0.603507
0.580851
0.639450
0.425129
0.697395
0.519822
0.594428
0.510504
0.514724
0.537108
0.783965
0.580620
0.515135
0.887004
0.850395
0.893565
0.427712
0.517159
0.783965
0.422104
0.510932
0.497031
0.425958
0.762319
0.691372
0.425129
0.621077
0.797188
0.411424
0.879903
0.639724
0.421826
0.750248
0.425958
0.970331
0.654583
0.393972
0.689522
0.702627
0.970331
0.696282
0.668559
0.790564
0.519165
0.553422
0.465083
0.468217
0.516770
0.486599
0.776619
0.425958
0.510932
0.425958
0.482060
0.618393
0.924934
0.616946
0.546976
0.520115
0.889954
0.534629
0.510504
0.700603
0.519189
0.533298
0.425958
0.682354
0.839909
0.489078
0.470818
0.398196
0.810406
0.510504
0.519165
0.425592
0.393732
0.423500
0.779354
0.399129
0.715255
0.396097
0.766746
0.464599
0.510518
0.762751
0.419289
0.617131
0.475155
0.514724
0.465083
0.540987
0.516838
0.519165
0.873572
0.393732
0.514724
0.793963
0.426788
0.467925
0.576611
0.510616
0.510504
0.510932
0.542272
0.510932
0.462205
0.421826
0.510078
0.510932
0.798559
0.656479
0.426788
0.949397
0.843415
0.710938
0.458522
0.421826
0.536841
0.479632
0.510504
0.707485
0.510504
0.770129
0.426383
0.513401
0.510504
0.537640
0.760671
0.431420
0.552546
0.503503
0.913268
0.425495
0.562062
0.885502
0.510932
0.810534
0.875368
0.407775
0.588152
0.510932
0.510932
0.855712
0.913085
0.894426
0.425129
0.425958
0.510932
0.534981
0.733624
0.497035
0.411364
0.425495
0.770129
0.417722
0.863370
0.764042
0.394110
0.537640
0.796976
0.840912
0.591901
0.807703
0.510091
0.624325
0.627022
0.510504
0.867638
0.396651
0.809831
0.431885
0.618493
0.485874
0.510091
0.425129
0.451581
0.469589
0.425958
0.417760
0.708085
0.536887
0.683901
0.464692
0.673273
0.439431
0.425958
0.784385
0.695073
0.395476
0.546540
0.507649
0.583255
0.850221
0.510091
0.426421
0.425958
0.510504
0.433058
0.426421
0.540866
0.651131
0.393630
0.538396
0.646946
0.857645
0.396441
0.481601
0.614736
0.440293
0.670108
0.458730
0.510504
0.874712
0.854505
0.425129
0.697434
0.519848
0.393732
0.425958
0.813053
0.592578
0.462744
0.806799
0.393972
0.857019
0.927308
0.687827
0.500416
0.535259
0.425592
0.792363
0.632890
0.426421
0.519848
0.708141
0.463809
0.534140
0.793559
0.510091
0.487027
0.519576
0.848236
0.542218
0.427690
0.465083
0.636748
0.426421
0.640117
0.838802
0.780393
0.621077
0.839038
0.510504
0.448655
0.404346
0.941297
0.670029
0.858866
0.445542
0.732152
0.426013
0.497078
0.425592
0.705391
0.769319
0.503498
0.537640
0.604151
0.514724
0.650612
0.468362
0.397131
0.539337
0.514724
0.566921
0.463987
0.866443
0.732108
0.395274
0.957393
0.468409
0.396329
0.723421
0.425592
0.510932
0.425592
0.851017
0.510932
0.425958
0.540079
0.546173
0.486154
0.467925
0.964172
0.719399
0.680841
0.466306
0.539337
0.424338
0.858718
0.502188
0.422415
0.867067
0.475155
0.692450
0.824672
0.728808
0.519165
0.542435
0.414040
0.510932
0.654311
0.805172
0.436292
0.410135
0.522030
0.708141
0.425958
0.442962
0.394654
0.746354
0.514724
0.490859
0.699053
0.428447
0.583790
0.468757
0.434727
0.518777
0.518777
0.396306
0.836666
0.550635
0.683629
0.805460
0.558771
0.647213
0.535198
0.888913
0.514724
0.815837
0.425592
0.510932
0.860374
0.482007
0.454359
0.398303
0.850517
0.777749
0.519189
0.754468
0.645028
0.421826
0.418761
0.425958
0.510518
0.510932
0.872916
0.502188
0.607818
0.453789
0.396097
0.721103
0.518545
0.486958
0.485043
0.746738
0.478549
0.432228
0.498291
0.510932
0.901100
0.429364
0.677887
0.510504
0.510932
0.866757
0.493080
0.396097
0.536841
0.551802
0.471650
0.800157
0.882677
0.397621
0.425958
0.640955
0.679853
0.464833
0.782217
0.396097
0.426421
0.837439
0.510504
0.708949
0.730185
0.510504
0.707416
0.510932
0.738584
0.425495
0.502557
0.484289
0.430471
0.510091
0.504255
0.551460
0.829153
0.890186
0.510504
0.520013
0.805052
0.510932
0.827297
0.528181
0.396441
0.432725
0.391307
0.753942
0.665595
0.583790
0.464434
0.515972
0.436009
0.536464
0.433517
0.510091
0.523155
0.853175
0.505665
0.514763
0.860374
0.518777
0.535620
0.396329
0.892098
0.431885
0.514724
0.904688
0.906637
0.396097
0.516018
0.935940
0.504690
0.627231
0.510504
0.425495
0.396097
0.503067
0.715903
0.878636
0.510932
0.425958
0.920917
0.515565
0.536663
0.867008
0.574008
0.687827
0.421418
0.678097
0.429277
0.836666
0.883047
0.519822
0.615382
0.463863
0.812369
0.748430
0.665958
0.394452
0.601122
0.425129
0.579012
0.425129
0.395683
0.510504
0.510932
0.939940
0.875722
0.403870
0.720511
0.495750
0.396097
0.680548
0.787259
0.825460
0.394452
0.510932
0.459312
0.535198
0.536887
0.606872
0.510932
0.897902
0.805492
0.631407
0.876736
0.428061
0.401739
0.465083
0.646772
0.808036
0.657791
0.396097
0.843413
0.409902
0.395481
0.409906
0.425958
0.425958
0.914993
0.579062
0.519576
0.504372
0.833476
0.437214
0.396441
0.537264
0.529106
0.426802
0.453176
0.634894
0.536615
0.840287
0.493722
0.534629
0.512630
0.561253
0.579062
0.717608
0.786740
0.425958
0.510932
0.396921
0.498729
0.519165
0.677468
0.772191
0.559496
0.425958
0.492562
0.750686
0.660565
0.425175
0.580750
0.510504
0.861349
0.625160
0.510932
0.688155
0.546641
0.473715
0.425129
0.519050
0.446967
0.515565
0.461055
0.545970
0.605278
0.519165
0.491653
0.409902
0.544343
0.522204
0.752952
0.889661
0.746262
0.833635
0.861214
0.596764
